1	281632
2	950612
3	1066650
4	877123
5	475319
6	341770
7	297934
8	182104
9	130117
10	72332
11	39247
12	21931
13	10595
14	2938
15	858
16	234
17	91
31	13

1	********************
2	*******************************************************************
3	***************************************************************************
4	**************************************************************
5	**********************************
6	*************************
7	*********************
8	*************
9	**********
10	******
11	***
12	**
13	*
14	*
15	*
16	*
17	*
31	*
